30 50
1 2 2 3 1 1 5 1 2
1 3 2 3 2 1 5 3 2
1 1 1 2 3 6 2 3 2 2
5 2 2 11 3 3 1
4 3 18 3 3 2
7 3 1 1 2 2 6 1 1
6 2 5 2 2 1 1 1 1
4 2 1 5 3 4 1
1 1 2 1 4 3 1
1 2 1 2 3 4 2 1
1 2 2 23 3
4 2 1 1 5 2 3 3 2
2 1 1 1 2 3 2 3 2 3
1 1 1 4 2 2 4 1 1 1 2
2 4 1 1 6 2 3 4 1
2 5 1 1 6 1 3 1 2
3 2 1 1 1 7 1 1 3 1 2
7 2 2 1 4 3 2
4 6 2 4 1
4 2 1
8 9 2
2 3 1 3 1 2
1 2 1 6 1 1
2 2 1 1 2 1 1
9 1 1 1 2 1 1
17 1 1 2 3 1 1
21 2 1 2 3 1 1
24 2 5 1 1 3 1 1
25 6 2 1 7
27 1 1 1
1
4 2
1 4 2 3
6 4 4
1 6 2 2 4
4 3 2 2 5
2 3 1 1 5
4 1 2 5
4 1 1 6
2 1 1 1 6
2 1 1 1 1 6
1 2 8 1 6
2 2 2 1 7
2 1 4 7
2 2 2 6
1 1 2 2 6
2 1 2 1 6
1 1 1 5
1 2 5
2 1 3 1 5
8 2 1 5
1 3 1 6 1 5
7 3 2 4
3 6 2 1 4
3 9 2 3
3 2 5 4 3
3 2 3 8 1
1 4 4 2 3 1 3
1 3 4 1 1 2
1 2 6 2 2 1
1 5 2 1 2 2 2
1 1 2 1 4 3 2
2 1 1 3 1 1 7
1 1 1 2 1 1 1
1 1 1 2 1 1 1 8 1
1 1 1 2 1 1 1 1 2
1 2 2 1 1 1 1 1 1
1 2 2 1 1 3 3
1 1 3 1 1 1 1 3
2 1 1 5 2 3 3
1 1 2 3 5 1 5
2 1 1 2 1 1 1 2 7
1 2 1 1 3 2 4
2 1 1 2 3 3 2
1 2 4 1 3 1 1
1 3 2 2 2 7
1 1 2 1 1 1
1 1 2 9
2 12
4 3
